Cookie=_ga=GA1.2.777380429.1612592446; _gid=GA1.2.1440944515.1612592446; __cfduid=dac919ccd63b281da77c9c4aa3042f5f41612592528; PHPSESSID=vqelj9appcoskkha35hm0s3295; muoi=20; tu=4; bonbay=47; tay=5
START_PAGE=1
END_PAGE=5
DELAY_TIME=10000
RE_SEND_REQUEST=10